precompiling ...
-- loading network onnx/mnist-net_256x2.onnx
degrees = [2]

### Property vnnlib/prop_0_spiral_15.vnnlib ###

input_set: LazySets.HyperrectangleModule.Hyperrectangle{Float64, Vector{Float64}, Vector{Float64}}([0.02500000037252903, 0.02500000037252903, 0.02500000037252903, 0.02500000037252903, 0.02500000037252903, 0.02500000037252903, 0.02500000037252903, 0.02500000037252903, 0.02500000037252903, 0.02500000037252903, 0.02500000037252903, 0.02500000037252903, 0.02500000037252903, 0.02500000037252903, 0.02500000037252903, 0.02500000037252903, 0.02500000037252903, 0.02500000037252903, 0.02500000037252903, 0.02500000037252903, 0.02500000037252903, 0.02500000037252903, 0.02500000037252903, 0.02500000037252903, 0.02500000037252903, 0.02500000037252903, 0.02500000037252903, 0.02500000037252903, 0.02500000037252903, 0.02500000037252903, 0.02500000037252903, 0.02500000037252903, 0.02500000037252903, 0.02500000037252903, 0.02500000037252903, 0.02500000037252903, 0.02500000037252903, 0.02500000037252903, 0.02500000037252903, 0.02500000037252903, 0.02500000037252903, 0.02500000037252903, 0.02500000037252903, 0.02500000037252903, 0.02500000037252903, 0.02500000037252903, 0.02500000037252903, 0.02500000037252903, 0.02500000037252903, 0.02500000037252903, 0.02500000037252903, 0.02500000037252903, 0.02500000037252903, 0.02500000037252903, 0.02500000037252903, 0.02500000037252903, 0.02500000037252903, 0.02500000037252903, 0.02500000037252903, 0.02500000037252903, 0.02500000037252903, 0.02500000037252903, 0.02500000037252903, 0.02500000037252903, 0.02500000037252903, 0.02500000037252903, 0.02500000037252903, 0.02500000037252903, 0.02500000037252903, 0.02500000037252903, 0.02500000037252903, 0.02500000037252903, 0.02500000037252903, 0.02500000037252903, 0.02500000037252903, 0.02500000037252903, 0.02500000037252903, 0.02500000037252903, 0.02500000037252903, 0.02500000037252903, 0.02500000037252903, 0.02500000037252903, 0.02500000037252903, 0.02500000037252903, 0.02500000037252903, 0.02500000037252903, 0.02500000037252903, 0.02500000037252903, 0.02500000037252903, 0.02500000037252903, 0.02500000037252903, 0.02500000037252903, 0.02500000037252903, 0.02500000037252903, 0.02500000037252903, 0.02500000037252903, 0.02500000037252903, 0.02500000037252903, 0.02500000037252903, 0.02500000037252903, 0.02500000037252903, 0.02500000037252903, 0.02500000037252903, 0.02500000037252903, 0.02500000037252903, 0.02500000037252903, 0.02500000037252903, 0.02500000037252903, 0.02500000037252903, 0.02500000037252903, 0.02500000037252903, 0.02500000037252903, 0.02500000037252903, 0.02500000037252903, 0.02500000037252903, 0.02500000037252903, 0.02500000037252903, 0.02500000037252903, 0.02500000037252903, 0.02500000037252903, 0.02500000037252903, 0.08235294558107853, 0.6901960968971252, 0.8901960849761963, 0.16470588743686676, 0.02500000037252903, 0.02500000037252903, 0.02500000037252903, 0.02500000037252903, 0.02500000037252903, 0.02500000037252903, 0.02500000037252903, 0.02500000037252903, 0.02500000037252903, 0.02500000037252903, 0.02500000037252903, 0.02500000037252903, 0.02500000037252903, 0.02500000037252903, 0.02500000037252903, 0.02500000037252903, 0.02500000037252903, 0.02500000037252903, 0.02500000037252903, 0.02500000037252903, 0.02500000037252903, 0.02500000037252903, 0.02500000037252903, 0.02500000037252903, 0.6901960968971252, 0.967156857252121, 0.967156857252121, 0.5568627715110779, 0.02500000037252903, 0.02500000037252903, 0.02500000037252903, 0.02500000037252903, 0.02500000037252903, 0.02500000037252903, 0.02500000037252903, 0.02500000037252903, 0.02500000037252903, 0.02500000037252903, 0.02500000037252903, 0.02500000037252903, 0.02500000037252903, 0.02500000037252903, 0.02500000037252903, 0.02500000037252903, 0.02500000037252903, 0.02500000037252903, 0.02500000037252903, 0.02500000037252903, 0.02500000037252903, 0.02500000037252903, 0.02500000037252903, 0.02500000037252903, 0.9710784256458282, 0.967156857252121, 0.967156857252121, 0.8627451062202454, 0.20000000298023224, 0.02500000037252903, 0.02500000037252903, 0.02500000037252903, 0.02500000037252903, 0.02500000037252903, 0.02500000037252903, 0.02500000037252903, 0.02500000037252903, 0.02500000037252903, 0.02500000037252903, 0.02500000037252903, 0.02500000037252903, 0.02500000037252903, 0.02500000037252903, 0.02500000037252903, 0.02500000037252903, 0.02500000037252903, 0.02500000037252903, 0.02500000037252903, 0.02500000037252903, 0.02500000037252903, 0.02500000037252903, 0.30980393290519714, 0.9710784256458282, 0.967156857252121, 0.9215686321258545, 0.32156863808631897, 0.02500000037252903, 0.02500000037252903, 0.02500000037252903, 0.02500000037252903, 0.02500000037252903, 0.02500000037252903, 0.125490203499794, 0.4274509847164154, 0.364705890417099, 0.02500000037252903, 0.02500000037252903, 0.02500000037252903, 0.02500000037252903, 0.02500000037252903, 0.02500000037252903, 0.02500000037252903, 0.02500000037252903, 0.02500000037252903, 0.02500000037252903, 0.02500000037252903, 0.02500000037252903, 0.02500000037252903, 0.02500000037252903, 0.7058823704719543, 0.9710784256458282, 0.967156857252121, 0.33725491166114807, 0.02500000037252903, 0.02500000037252903, 0.02500000037252903, 0.02500000037252903, 0.02500000037252903, 0.02500000037252903, 0.5098039507865906, 0.7921568751335144, 0.967156857252121, 0.843137264251709, 0.02500000037252903, 0.02500000037252903, 0.02500000037252903, 0.02500000037252903, 0.02500000037252903, 0.02500000037252903, 0.02500000037252903, 0.02500000037252903, 0.02500000037252903, 0.02500000037252903, 0.02500000037252903, 0.02500000037252903, 0.046568628400564194, 0.5882353186607361, 0.9710784256458282, 0.9749999940395355, 0.9710784256458282, 0.13725490868091583, 0.02500000037252903, 0.02500000037252903, 0.02500000037252903, 0.02500000037252903, 0.02500000037252903, 0.4313725531101227, 0.9710784256458282, 0.9749999940395355, 0.9710784256458282, 0.8470588326454163, 0.02500000037252903, 0.02500000037252903, 0.02500000037252903, 0.02500000037252903, 0.02500000037252903, 0.02500000037252903, 0.02500000037252903, 0.02500000037252903, 0.02500000037252903, 0.02500000037252903, 0.02500000037252903, 0.02500000037252903, 0.14509804546833038, 0.967156857252121, 0.967156857252121, 0.9710784256458282, 0.967156857252121, 0.13725490868091583, 0.02500000037252903, 0.02500000037252903, 0.02500000037252903, 0.02500000037252903, 0.02500000037252903, 0.4274509847164154, 0.967156857252121, 0.9710784256458282, 0.967156857252121, 0.843137264251709, 0.02500000037252903, 0.02500000037252903, 0.02500000037252903, 0.02500000037252903, 0.02500000037252903, 0.02500000037252903, 0.02500000037252903, 0.02500000037252903, 0.02500000037252903, 0.02500000037252903, 0.02500000037252903, 0.02500000037252903, 0.24705882370471954, 0.967156857252121, 0.967156857252121, 0.9710784256458282, 0.49803920090198517, 0.03480392321944237, 0.02500000037252903, 0.02500000037252903, 0.02500000037252903, 0.02500000037252903, 0.02500000037252903, 0.364705890417099, 0.9450980424880981, 0.9710784256458282, 0.967156857252121, 0.843137264251709, 0.02500000037252903, 0.02500000037252903, 0.02500000037252903, 0.02500000037252903, 0.02500000037252903, 0.02500000037252903, 0.02500000037252903, 0.02500000037252903, 0.02500000037252903, 0.02500000037252903, 0.02500000037252903, 0.02500000037252903, 0.8509804010391235, 0.967156857252121, 0.967156857252121, 0.9710784256458282, 0.41960784792900085, 0.02500000037252903, 0.5, 0.5, 0.5, 0.02500000037252903, 0.02500000037252903, 0.18431372940540314, 0.8274509906768799, 0.9710784256458282, 0.967156857252121, 0.843137264251709, 0.02500000037252903, 0.02500000037252903, 0.02500000037252903, 0.02500000037252903, 0.02500000037252903, 0.02500000037252903, 0.02500000037252903, 0.02500000037252903, 0.02500000037252903, 0.02500000037252903, 0.02500000037252903, 0.02500000037252903, 0.8509804010391235, 0.967156857252121, 0.967156857252121, 0.9710784256458282, 0.41960784792900085, 0.02500000037252903, 0.5, 0.5, 0.5, 0.5, 0.02500000037252903, 0.4274509847164154, 0.967156857252121, 0.9710784256458282, 0.967156857252121, 0.843137264251709, 0.02500000037252903, 0.02500000037252903, 0.02500000037252903, 0.02500000037252903, 0.02500000037252903, 0.02500000037252903, 0.02500000037252903, 0.02500000037252903, 0.02500000037252903, 0.02500000037252903, 0.02500000037252903, 0.02500000037252903, 0.14509804546833038, 0.9710784256458282, 0.9710784256458282, 0.9749999940395355, 0.5843137502670288, 0.044607844203710556, 0.5, 0.5, 0.5, 0.5, 0.38823530077934265, 0.9710784256458282, 0.9710784256458282, 0.9749999940395355, 0.9710784256458282, 0.8470588326454163, 0.02500000037252903, 0.02500000037252903, 0.02500000037252903, 0.02500000037252903, 0.02500000037252903, 0.02500000037252903, 0.02500000037252903, 0.02500000037252903, 0.02500000037252903, 0.02500000037252903, 0.02500000037252903, 0.02500000037252903, 0.14509804546833038, 0.967156857252121, 0.967156857252121, 0.9710784256458282, 0.967156857252121, 0.6235294342041016, 0.5, 0.5, 0.5, 0.5, 0.967156857252121, 0.967156857252121, 0.967156857252121, 0.9710784256458282, 0.967156857252121, 0.843137264251709, 0.02500000037252903, 0.02500000037252903, 0.02500000037252903, 0.02500000037252903, 0.02500000037252903, 0.02500000037252903, 0.02500000037252903, 0.02500000037252903, 0.02500000037252903, 0.02500000037252903, 0.02500000037252903, 0.02500000037252903, 0.12156862765550613, 0.9019607901573181, 0.967156857252121, 0.9710784256458282, 0.967156857252121, 0.967156857252121, 0.967156857252121, 0.967156857252121, 0.9710784256458282, 0.967156857252121, 0.967156857252121, 0.967156857252121, 0.967156857252121, 0.9710784256458282, 0.967156857252121, 0.843137264251709, 0.02500000037252903, 0.02500000037252903, 0.02500000037252903, 0.02500000037252903, 0.02500000037252903, 0.02500000037252903, 0.02500000037252903, 0.02500000037252903, 0.02500000037252903, 0.02500000037252903, 0.02500000037252903, 0.02500000037252903, 0.02500000037252903, 0.24313725531101227, 0.8627451062202454, 0.9710784256458282, 0.967156857252121, 0.967156857252121, 0.967156857252121, 0.967156857252121, 0.9710784256458282, 0.967156857252121, 0.967156857252121, 0.967156857252121, 0.967156857252121, 0.9710784256458282, 0.967156857252121, 0.843137264251709, 0.02500000037252903, 0.02500000037252903, 0.02500000037252903, 0.02500000037252903, 0.02500000037252903, 0.02500000037252903, 0.02500000037252903, 0.02500000037252903, 0.02500000037252903, 0.02500000037252903, 0.02500000037252903, 0.02500000037252903, 0.02500000037252903, 0.02500000037252903, 0.20000000298023224, 0.9710784256458282, 0.967156857252121, 0.967156857252121, 0.967156857252121, 0.967156857252121, 0.9710784256458282, 0.5764706134796143, 0.27843139320611954, 0.5803921818733215, 0.967156857252121, 0.9710784256458282, 0.967156857252121, 0.843137264251709, 0.02500000037252903, 0.02500000037252903, 0.02500000037252903, 0.02500000037252903, 0.02500000037252903, 0.02500000037252903, 0.02500000037252903, 0.02500000037252903, 0.02500000037252903, 0.02500000037252903, 0.02500000037252903, 0.02500000037252903, 0.02500000037252903, 0.02500000037252903, 0.02500000037252903, 0.02500000037252903, 0.02500000037252903, 0.02500000037252903, 0.02500000037252903, 0.02500000037252903, 0.02500000037252903, 0.02500000037252903, 0.02500000037252903, 0.4313725531101227, 0.9710784256458282, 0.9749999940395355, 0.9710784256458282, 0.8470588326454163, 0.02500000037252903, 0.02500000037252903, 0.02500000037252903, 0.02500000037252903, 0.02500000037252903, 0.02500000037252903, 0.02500000037252903, 0.02500000037252903, 0.02500000037252903, 0.02500000037252903, 0.02500000037252903, 0.02500000037252903, 0.02500000037252903, 0.02500000037252903, 0.02500000037252903, 0.02500000037252903, 0.02500000037252903, 0.02500000037252903, 0.02500000037252903, 0.02500000037252903, 0.02500000037252903, 0.02500000037252903, 0.02500000037252903, 0.4274509847164154, 0.967156857252121, 0.9710784256458282, 0.967156857252121, 0.843137264251709, 0.02500000037252903, 0.02500000037252903, 0.02500000037252903, 0.02500000037252903, 0.02500000037252903, 0.02500000037252903, 0.02500000037252903, 0.02500000037252903, 0.02500000037252903, 0.02500000037252903, 0.02500000037252903, 0.02500000037252903, 0.02500000037252903, 0.02500000037252903, 0.02500000037252903, 0.02500000037252903, 0.02500000037252903, 0.02500000037252903, 0.02500000037252903, 0.02500000037252903, 0.02500000037252903, 0.02500000037252903, 0.02500000037252903, 0.05882352963089943, 0.7450980544090271, 0.9710784256458282, 0.967156857252121, 0.843137264251709, 0.02500000037252903, 0.02500000037252903, 0.02500000037252903, 0.02500000037252903, 0.02500000037252903, 0.02500000037252903, 0.02500000037252903, 0.02500000037252903, 0.02500000037252903, 0.02500000037252903, 0.02500000037252903, 0.02500000037252903, 0.02500000037252903, 0.02500000037252903, 0.02500000037252903, 0.02500000037252903, 0.02500000037252903, 0.02500000037252903, 0.02500000037252903, 0.02500000037252903, 0.02500000037252903, 0.02500000037252903, 0.02500000037252903, 0.02500000037252903, 0.40392157435417175, 0.686274528503418, 0.967156857252121, 0.843137264251709, 0.02500000037252903, 0.02500000037252903, 0.02500000037252903, 0.02500000037252903, 0.02500000037252903, 0.02500000037252903, 0.02500000037252903, 0.02500000037252903, 0.02500000037252903, 0.02500000037252903, 0.02500000037252903, 0.02500000037252903, 0.02500000037252903, 0.02500000037252903, 0.02500000037252903, 0.02500000037252903, 0.02500000037252903, 0.02500000037252903, 0.02500000037252903, 0.02500000037252903, 0.02500000037252903, 0.02500000037252903, 0.02500000037252903, 0.02500000037252903, 0.02500000037252903, 0.2862745299935341, 0.967156857252121, 0.33725491166114807, 0.02500000037252903, 0.02500000037252903, 0.02500000037252903, 0.02500000037252903, 0.02500000037252903, 0.02500000037252903, 0.02500000037252903, 0.02500000037252903, 0.02500000037252903, 0.02500000037252903, 0.02500000037252903, 0.02500000037252903, 0.02500000037252903, 0.02500000037252903, 0.02500000037252903, 0.02500000037252903, 0.02500000037252903, 0.02500000037252903, 0.02500000037252903, 0.02500000037252903, 0.02500000037252903, 0.02500000037252903, 0.02500000037252903, 0.02500000037252903, 0.02500000037252903, 0.02500000037252903, 0.02500000037252903, 0.02500000037252903, 0.02500000037252903, 0.02500000037252903, 0.02500000037252903, 0.02500000037252903, 0.02500000037252903, 0.02500000037252903, 0.02500000037252903, 0.02500000037252903, 0.02500000037252903, 0.02500000037252903, 0.02500000037252903, 0.02500000037252903, 0.02500000037252903, 0.02500000037252903, 0.02500000037252903, 0.02500000037252903, 0.02500000037252903, 0.02500000037252903, 0.02500000037252903, 0.02500000037252903, 0.02500000037252903, 0.02500000037252903, 0.02500000037252903, 0.02500000037252903, 0.02500000037252903, 0.02500000037252903, 0.02500000037252903, 0.02500000037252903, 0.02500000037252903, 0.02500000037252903, 0.02500000037252903, 0.02500000037252903, 0.02500000037252903, 0.02500000037252903, 0.02500000037252903, 0.02500000037252903, 0.02500000037252903, 0.02500000037252903, 0.02500000037252903, 0.02500000037252903, 0.02500000037252903, 0.02500000037252903, 0.02500000037252903, 0.02500000037252903, 0.02500000037252903, 0.02500000037252903, 0.02500000037252903, 0.02500000037252903, 0.02500000037252903, 0.02500000037252903, 0.02500000037252903, 0.02500000037252903, 0.02500000037252903, 0.02500000037252903, 0.02500000037252903, 0.02500000037252903, 0.02500000037252903, 0.02500000037252903, 0.02500000037252903, 0.02500000037252903, 0.02500000037252903, 0.02500000037252903, 0.02500000037252903, 0.02500000037252903, 0.02500000037252903, 0.02500000037252903, 0.02500000037252903, 0.02500000037252903, 0.02500000037252903, 0.02500000037252903, 0.02500000037252903, 0.02500000037252903, 0.02500000037252903, 0.02500000037252903, 0.02500000037252903, 0.02500000037252903, 0.02500000037252903, 0.02500000037252903, 0.02500000037252903, 0.02500000037252903, 0.02500000037252903, 0.02500000037252903, 0.02500000037252903, 0.02500000037252903, 0.02500000037252903, 0.02500000037252903, 0.02500000037252903, 0.02500000037252903, 0.02500000037252903, 0.02500000037252903], [0.0, 0.0, 0.0, 0.0, 0.0, 0.0, 0.0, 0.0, 0.0, 0.0, 0.0, 0.0, 0.0, 0.0, 0.0, 0.0, 0.0, 0.0, 0.0, 0.0, 0.0, 0.0, 0.0, 0.0, 0.0, 0.0, 0.0, 0.0, 0.0, 0.0, 0.0, 0.0, 0.0, 0.0, 0.0, 0.0, 0.0, 0.0, 0.0, 0.0, 0.0, 0.0, 0.0, 0.0, 0.0, 0.0, 0.0, 0.0, 0.0, 0.0, 0.0, 0.0, 0.0, 0.0, 0.0, 0.0, 0.0, 0.0, 0.0, 0.0, 0.0, 0.0, 0.0, 0.0, 0.0, 0.0, 0.0, 0.0, 0.0, 0.0, 0.0, 0.0, 0.0, 0.0, 0.0, 0.0, 0.0, 0.0, 0.0, 0.0, 0.0, 0.0, 0.0, 0.0, 0.0, 0.0, 0.0, 0.0, 0.0, 0.0, 0.0, 0.0, 0.0, 0.0, 0.0, 0.0, 0.0, 0.0, 0.0, 0.0, 0.0, 0.0, 0.0, 0.0, 0.0, 0.0, 0.0, 0.0, 0.0, 0.0, 0.0, 0.0, 0.0, 0.0, 0.0, 0.0, 0.0, 0.0, 0.0, 0.0, 0.0, 0.0, 0.0, 0.0, 0.0, 0.0, 0.0, 0.0, 0.0, 0.0, 0.0, 0.0, 0.0, 0.0, 0.0, 0.0, 0.0, 0.0, 0.0, 0.0, 0.0, 0.0, 0.0, 0.0, 0.0, 0.0, 0.0, 0.0, 0.0, 0.0, 0.0, 0.0, 0.0, 0.0, 0.0, 0.0, 0.0, 0.0, 0.0, 0.0, 0.0, 0.0, 0.0, 0.0, 0.0, 0.0, 0.0, 0.0, 0.0, 0.0, 0.0, 0.0, 0.0, 0.0, 0.0, 0.0, 0.0, 0.0, 0.0, 0.0, 0.0, 0.0, 0.0, 0.0, 0.0, 0.0, 0.0, 0.0, 0.0, 0.0, 0.0, 0.0, 0.0, 0.0, 0.0, 0.0, 0.0, 0.0, 0.0, 0.0, 0.0, 0.0, 0.0, 0.0, 0.0, 0.0, 0.0, 0.0, 0.0, 0.0, 0.0, 0.0, 0.0, 0.0, 0.0, 0.0, 0.0, 0.0, 0.0, 0.0, 0.0, 0.0, 0.0, 0.0, 0.0, 0.0, 0.0, 0.0, 0.0, 0.0, 0.0, 0.0, 0.0, 0.0, 0.0, 0.0, 0.0, 0.0, 0.0, 0.0, 0.0, 0.0, 0.0, 0.0, 0.0, 0.0, 0.0, 0.0, 0.0, 0.0, 0.0, 0.0, 0.0, 0.0, 0.0, 0.0, 0.0, 0.0, 0.0, 0.0, 0.0, 0.0, 0.0, 0.0, 0.0, 0.0, 0.0, 0.0, 0.0, 0.0, 0.0, 0.0, 0.0, 0.0, 0.0, 0.0, 0.0, 0.0, 0.0, 0.0, 0.0, 0.0, 0.0, 0.0, 0.0, 0.0, 0.0, 0.0, 0.0, 0.0, 0.0, 0.0, 0.0, 0.0, 0.0, 0.0, 0.0, 0.0, 0.0, 0.0, 0.0, 0.0, 0.0, 0.0, 0.0, 0.0, 0.0, 0.0, 0.0, 0.0, 0.0, 0.0, 0.0, 0.0, 0.0, 0.0, 0.0, 0.0, 0.0, 0.0, 0.0, 0.0, 0.0, 0.0, 0.0, 0.0, 0.0, 0.0, 0.0, 0.0, 0.0, 0.0, 0.0, 0.0, 0.0, 0.0, 0.0, 0.0, 0.0, 0.0, 0.0, 0.0, 0.0, 0.0, 0.0, 0.0, 0.0, 0.0, 0.5, 0.5, 0.5, 0.0, 0.0, 0.0, 0.0, 0.0, 0.0, 0.0, 0.0, 0.0, 0.0, 0.0, 0.0, 0.0, 0.0, 0.0, 0.0, 0.0, 0.0, 0.0, 0.0, 0.0, 0.0, 0.0, 0.0, 0.0, 0.5, 0.5, 0.5, 0.5, 0.0, 0.0, 0.0, 0.0, 0.0, 0.0, 0.0, 0.0, 0.0, 0.0, 0.0, 0.0, 0.0, 0.0, 0.0, 0.0, 0.0, 0.0, 0.0, 0.0, 0.0, 0.0, 0.0, 0.0, 0.5, 0.5, 0.5, 0.5, 0.0, 0.0, 0.0, 0.0, 0.0, 0.0, 0.0, 0.0, 0.0, 0.0, 0.0, 0.0, 0.0, 0.0, 0.0, 0.0, 0.0, 0.0, 0.0, 0.0, 0.0, 0.0, 0.0, 0.0, 0.5, 0.5, 0.5, 0.5, 0.0, 0.0, 0.0, 0.0, 0.0, 0.0, 0.0, 0.0, 0.0, 0.0, 0.0, 0.0, 0.0, 0.0, 0.0, 0.0, 0.0, 0.0, 0.0, 0.0, 0.0, 0.0, 0.0, 0.0, 0.0, 0.0, 0.0, 0.0, 0.0, 0.0, 0.0, 0.0, 0.0, 0.0, 0.0, 0.0, 0.0, 0.0, 0.0, 0.0, 0.0, 0.0, 0.0, 0.0, 0.0, 0.0, 0.0, 0.0, 0.0, 0.0, 0.0, 0.0, 0.0, 0.0, 0.0, 0.0, 0.0, 0.0, 0.0, 0.0, 0.0, 0.0, 0.0, 0.0, 0.0, 0.0, 0.0, 0.0, 0.0, 0.0, 0.0, 0.0, 0.0, 0.0, 0.0, 0.0, 0.0, 0.0, 0.0, 0.0, 0.0, 0.0, 0.0, 0.0, 0.0, 0.0, 0.0, 0.0, 0.0, 0.0, 0.0, 0.0, 0.0, 0.0, 0.0, 0.0, 0.0, 0.0, 0.0, 0.0, 0.0, 0.0, 0.0, 0.0, 0.0, 0.0, 0.0, 0.0, 0.0, 0.0, 0.0, 0.0, 0.0, 0.0, 0.0, 0.0, 0.0, 0.0, 0.0, 0.0, 0.0, 0.0, 0.0, 0.0, 0.0, 0.0, 0.0, 0.0, 0.0, 0.0, 0.0, 0.0, 0.0, 0.0, 0.0, 0.0, 0.0, 0.0, 0.0, 0.0, 0.0, 0.0, 0.0, 0.0, 0.0, 0.0, 0.0, 0.0, 0.0, 0.0, 0.0, 0.0, 0.0, 0.0, 0.0, 0.0, 0.0, 0.0, 0.0, 0.0, 0.0, 0.0, 0.0, 0.0, 0.0, 0.0, 0.0, 0.0, 0.0, 0.0, 0.0, 0.0, 0.0, 0.0, 0.0, 0.0, 0.0, 0.0, 0.0, 0.0, 0.0, 0.0, 0.0, 0.0, 0.0, 0.0, 0.0, 0.0, 0.0, 0.0, 0.0, 0.0, 0.0, 0.0, 0.0, 0.0, 0.0, 0.0, 0.0, 0.0, 0.0, 0.0, 0.0, 0.0, 0.0, 0.0, 0.0, 0.0, 0.0, 0.0, 0.0, 0.0, 0.0, 0.0, 0.0, 0.0, 0.0, 0.0, 0.0, 0.0, 0.0, 0.0, 0.0, 0.0, 0.0, 0.0, 0.0, 0.0, 0.0, 0.0, 0.0, 0.0, 0.0, 0.0, 0.0, 0.0, 0.0, 0.0, 0.0, 0.0, 0.0, 0.0, 0.0, 0.0, 0.0, 0.0, 0.0, 0.0, 0.0, 0.0, 0.0, 0.0, 0.0, 0.0, 0.0, 0.0, 0.0, 0.0, 0.0, 0.0, 0.0, 0.0, 0.0, 0.0, 0.0, 0.0, 0.0, 0.0, 0.0, 0.0, 0.0, 0.0, 0.0, 0.0, 0.0, 0.0, 0.0, 0.0, 0.0, 0.0, 0.0, 0.0, 0.0, 0.0, 0.0, 0.0, 0.0, 0.0, 0.0, 0.0, 0.0, 0.0, 0.0, 0.0, 0.0, 0.0, 0.0, 0.0, 0.0, 0.0, 0.0, 0.0, 0.0, 0.0, 0.0, 0.0, 0.0, 0.0, 0.0, 0.0, 0.0, 0.0, 0.0, 0.0, 0.0, 0.0, 0.0, 0.0, 0.0, 0.0, 0.0, 0.0, 0.0, 0.0, 0.0, 0.0, 0.0, 0.0, 0.0, 0.0, 0.0, 0.0, 0.0, 0.0, 0.0, 0.0, 0.0, 0.0, 0.0, 0.0, 0.0, 0.0, 0.0, 0.0, 0.0, 0.0, 0.0, 0.0])
1: 5.174729497820403
	time = 76.122172318
--- optimised α ---
	lbs = [-0.44393999715628796, -0.468433843319952, -0.49920645026519783, -0.39522864497487215, -0.5185222208657109, -0.7401431328566705, -0.9860846162938258, -0.629693380521816, -1.235240959706377]
	ubs = [-0.04561263007102692, -0.0032466872285062953, -0.07541545259769655, 0.041094975514803164, -0.03803096239244, -0.18168341270803234, -0.05143767631680106, -0.15852391850653882, -0.22890798383407068]

### Property vnnlib/prop_0_spiral_10.vnnlib ###

Safely ignoring Flattening layer.
Safely ignoring Flattening layer.
input_set: LazySets.HyperrectangleModule.Hyperrectangle{Float64, Vector{Float64}, Vector{Float64}}([0.02500000037252903, 0.02500000037252903, 0.02500000037252903, 0.02500000037252903, 0.02500000037252903, 0.02500000037252903, 0.02500000037252903, 0.02500000037252903, 0.02500000037252903, 0.02500000037252903, 0.02500000037252903, 0.02500000037252903, 0.02500000037252903, 0.02500000037252903, 0.02500000037252903, 0.02500000037252903, 0.02500000037252903, 0.02500000037252903, 0.02500000037252903, 0.02500000037252903, 0.02500000037252903, 0.02500000037252903, 0.02500000037252903, 0.02500000037252903, 0.02500000037252903, 0.02500000037252903, 0.02500000037252903, 0.02500000037252903, 0.02500000037252903, 0.02500000037252903, 0.02500000037252903, 0.02500000037252903, 0.02500000037252903, 0.02500000037252903, 0.02500000037252903, 0.02500000037252903, 0.02500000037252903, 0.02500000037252903, 0.02500000037252903, 0.02500000037252903, 0.02500000037252903, 0.02500000037252903, 0.02500000037252903, 0.02500000037252903, 0.02500000037252903, 0.02500000037252903, 0.02500000037252903, 0.02500000037252903, 0.02500000037252903, 0.02500000037252903, 0.02500000037252903, 0.02500000037252903, 0.02500000037252903, 0.02500000037252903, 0.02500000037252903, 0.02500000037252903, 0.02500000037252903, 0.02500000037252903, 0.02500000037252903, 0.02500000037252903, 0.02500000037252903, 0.02500000037252903, 0.02500000037252903, 0.02500000037252903, 0.02500000037252903, 0.02500000037252903, 0.02500000037252903, 0.02500000037252903, 0.02500000037252903, 0.02500000037252903, 0.02500000037252903, 0.02500000037252903, 0.02500000037252903, 0.02500000037252903, 0.02500000037252903, 0.02500000037252903, 0.02500000037252903, 0.02500000037252903, 0.02500000037252903, 0.02500000037252903, 0.02500000037252903, 0.02500000037252903, 0.02500000037252903, 0.02500000037252903, 0.02500000037252903, 0.02500000037252903, 0.02500000037252903, 0.02500000037252903, 0.02500000037252903, 0.02500000037252903, 0.02500000037252903, 0.02500000037252903, 0.02500000037252903, 0.02500000037252903, 0.02500000037252903, 0.02500000037252903, 0.02500000037252903, 0.02500000037252903, 0.02500000037252903, 0.02500000037252903, 0.02500000037252903, 0.02500000037252903, 0.02500000037252903, 0.02500000037252903, 0.02500000037252903, 0.02500000037252903, 0.02500000037252903, 0.02500000037252903, 0.02500000037252903, 0.02500000037252903, 0.02500000037252903, 0.02500000037252903, 0.02500000037252903, 0.02500000037252903, 0.02500000037252903, 0.02500000037252903, 0.02500000037252903, 0.02500000037252903, 0.02500000037252903, 0.02500000037252903, 0.02500000037252903, 0.08235294558107853, 0.6901960968971252, 0.8901960849761963, 0.16470588743686676, 0.02500000037252903, 0.02500000037252903, 0.02500000037252903, 0.02500000037252903, 0.02500000037252903, 0.02500000037252903, 0.02500000037252903, 0.02500000037252903, 0.02500000037252903, 0.02500000037252903, 0.02500000037252903, 0.02500000037252903, 0.02500000037252903, 0.02500000037252903, 0.02500000037252903, 0.02500000037252903, 0.02500000037252903, 0.02500000037252903, 0.02500000037252903, 0.02500000037252903, 0.02500000037252903, 0.02500000037252903, 0.02500000037252903, 0.02500000037252903, 0.6901960968971252, 0.967156857252121, 0.967156857252121, 0.5568627715110779, 0.02500000037252903, 0.02500000037252903, 0.02500000037252903, 0.02500000037252903, 0.02500000037252903, 0.02500000037252903, 0.02500000037252903, 0.02500000037252903, 0.02500000037252903, 0.02500000037252903, 0.02500000037252903, 0.02500000037252903, 0.02500000037252903, 0.02500000037252903, 0.02500000037252903, 0.02500000037252903, 0.02500000037252903, 0.02500000037252903, 0.02500000037252903, 0.02500000037252903, 0.02500000037252903, 0.02500000037252903, 0.02500000037252903, 0.02500000037252903, 0.9710784256458282, 0.967156857252121, 0.967156857252121, 0.8627451062202454, 0.20000000298023224, 0.02500000037252903, 0.02500000037252903, 0.02500000037252903, 0.02500000037252903, 0.02500000037252903, 0.02500000037252903, 0.02500000037252903, 0.02500000037252903, 0.02500000037252903, 0.02500000037252903, 0.02500000037252903, 0.02500000037252903, 0.02500000037252903, 0.02500000037252903, 0.02500000037252903, 0.02500000037252903, 0.02500000037252903, 0.02500000037252903, 0.02500000037252903, 0.02500000037252903, 0.02500000037252903, 0.02500000037252903, 0.30980393290519714, 0.9710784256458282, 0.967156857252121, 0.9215686321258545, 0.32156863808631897, 0.02500000037252903, 0.02500000037252903, 0.02500000037252903, 0.02500000037252903, 0.02500000037252903, 0.02500000037252903, 0.125490203499794, 0.4274509847164154, 0.364705890417099, 0.02500000037252903, 0.02500000037252903, 0.02500000037252903, 0.02500000037252903, 0.02500000037252903, 0.02500000037252903, 0.02500000037252903, 0.02500000037252903, 0.02500000037252903, 0.02500000037252903, 0.02500000037252903, 0.02500000037252903, 0.02500000037252903, 0.02500000037252903, 0.7058823704719543, 0.9710784256458282, 0.967156857252121, 0.33725491166114807, 0.02500000037252903, 0.02500000037252903, 0.02500000037252903, 0.02500000037252903, 0.02500000037252903, 0.02500000037252903, 0.5098039507865906, 0.7921568751335144, 0.967156857252121, 0.843137264251709, 0.02500000037252903, 0.02500000037252903, 0.02500000037252903, 0.02500000037252903, 0.02500000037252903, 0.02500000037252903, 0.02500000037252903, 0.02500000037252903, 0.02500000037252903, 0.02500000037252903, 0.02500000037252903, 0.02500000037252903, 0.046568628400564194, 0.5882353186607361, 0.9710784256458282, 0.9749999940395355, 0.9710784256458282, 0.13725490868091583, 0.02500000037252903, 0.02500000037252903, 0.02500000037252903, 0.02500000037252903, 0.02500000037252903, 0.4313725531101227, 0.9710784256458282, 0.9749999940395355, 0.9710784256458282, 0.8470588326454163, 0.02500000037252903, 0.02500000037252903, 0.02500000037252903, 0.02500000037252903, 0.02500000037252903, 0.02500000037252903, 0.02500000037252903, 0.02500000037252903, 0.02500000037252903, 0.02500000037252903, 0.02500000037252903, 0.02500000037252903, 0.14509804546833038, 0.967156857252121, 0.967156857252121, 0.9710784256458282, 0.967156857252121, 0.13725490868091583, 0.02500000037252903, 0.02500000037252903, 0.02500000037252903, 0.02500000037252903, 0.02500000037252903, 0.4274509847164154, 0.967156857252121, 0.9710784256458282, 0.967156857252121, 0.843137264251709, 0.02500000037252903, 0.02500000037252903, 0.02500000037252903, 0.02500000037252903, 0.02500000037252903, 0.02500000037252903, 0.02500000037252903, 0.02500000037252903, 0.02500000037252903, 0.02500000037252903, 0.02500000037252903, 0.02500000037252903, 0.24705882370471954, 0.967156857252121, 0.967156857252121, 0.9710784256458282, 0.49803920090198517, 0.03480392321944237, 0.02500000037252903, 0.02500000037252903, 0.02500000037252903, 0.02500000037252903, 0.02500000037252903, 0.364705890417099, 0.9450980424880981, 0.9710784256458282, 0.967156857252121, 0.843137264251709, 0.02500000037252903, 0.02500000037252903, 0.02500000037252903, 0.02500000037252903, 0.02500000037252903, 0.02500000037252903, 0.02500000037252903, 0.02500000037252903, 0.02500000037252903, 0.02500000037252903, 0.02500000037252903, 0.02500000037252903, 0.8509804010391235, 0.967156857252121, 0.967156857252121, 0.9710784256458282, 0.41960784792900085, 0.02500000037252903, 0.5, 0.5, 0.5, 0.02500000037252903, 0.02500000037252903, 0.18431372940540314, 0.8274509906768799, 0.9710784256458282, 0.967156857252121, 0.843137264251709, 0.02500000037252903, 0.02500000037252903, 0.02500000037252903, 0.02500000037252903, 0.02500000037252903, 0.02500000037252903, 0.02500000037252903, 0.02500000037252903, 0.02500000037252903, 0.02500000037252903, 0.02500000037252903, 0.02500000037252903, 0.8509804010391235, 0.967156857252121, 0.967156857252121, 0.9710784256458282, 0.41960784792900085, 0.02500000037252903, 0.5, 0.5, 0.5, 0.02500000037252903, 0.02500000037252903, 0.4274509847164154, 0.967156857252121, 0.9710784256458282, 0.967156857252121, 0.843137264251709, 0.02500000037252903, 0.02500000037252903, 0.02500000037252903, 0.02500000037252903, 0.02500000037252903, 0.02500000037252903, 0.02500000037252903, 0.02500000037252903, 0.02500000037252903, 0.02500000037252903, 0.02500000037252903, 0.02500000037252903, 0.14509804546833038, 0.9710784256458282, 0.9710784256458282, 0.9749999940395355, 0.5843137502670288, 0.044607844203710556, 0.5, 0.5, 0.5, 0.16470588743686676, 0.38823530077934265, 0.9710784256458282, 0.9710784256458282, 0.9749999940395355, 0.9710784256458282, 0.8470588326454163, 0.02500000037252903, 0.02500000037252903, 0.02500000037252903, 0.02500000037252903, 0.02500000037252903, 0.02500000037252903, 0.02500000037252903, 0.02500000037252903, 0.02500000037252903, 0.02500000037252903, 0.02500000037252903, 0.02500000037252903, 0.14509804546833038, 0.967156857252121, 0.967156857252121, 0.9710784256458282, 0.967156857252121, 0.6235294342041016, 0.5, 0.5647059082984924, 0.5686274766921997, 0.8078431487083435, 0.967156857252121, 0.967156857252121, 0.967156857252121, 0.9710784256458282, 0.967156857252121, 0.843137264251709, 0.02500000037252903, 0.02500000037252903, 0.02500000037252903, 0.02500000037252903, 0.02500000037252903, 0.02500000037252903, 0.02500000037252903, 0.02500000037252903, 0.02500000037252903, 0.02500000037252903, 0.02500000037252903, 0.02500000037252903, 0.12156862765550613, 0.9019607901573181, 0.967156857252121, 0.9710784256458282, 0.967156857252121, 0.967156857252121, 0.967156857252121, 0.967156857252121, 0.9710784256458282, 0.967156857252121, 0.967156857252121, 0.967156857252121, 0.967156857252121, 0.9710784256458282, 0.967156857252121, 0.843137264251709, 0.02500000037252903, 0.02500000037252903, 0.02500000037252903, 0.02500000037252903, 0.02500000037252903, 0.02500000037252903, 0.02500000037252903, 0.02500000037252903, 0.02500000037252903, 0.02500000037252903, 0.02500000037252903, 0.02500000037252903, 0.02500000037252903, 0.24313725531101227, 0.8627451062202454, 0.9710784256458282, 0.967156857252121, 0.967156857252121, 0.967156857252121, 0.967156857252121, 0.9710784256458282, 0.967156857252121, 0.967156857252121, 0.967156857252121, 0.967156857252121, 0.9710784256458282, 0.967156857252121, 0.843137264251709, 0.02500000037252903, 0.02500000037252903, 0.02500000037252903, 0.02500000037252903, 0.02500000037252903, 0.02500000037252903, 0.02500000037252903, 0.02500000037252903, 0.02500000037252903, 0.02500000037252903, 0.02500000037252903, 0.02500000037252903, 0.02500000037252903, 0.02500000037252903, 0.20000000298023224, 0.9710784256458282, 0.967156857252121, 0.967156857252121, 0.967156857252121, 0.967156857252121, 0.9710784256458282, 0.5764706134796143, 0.27843139320611954, 0.5803921818733215, 0.967156857252121, 0.9710784256458282, 0.967156857252121, 0.843137264251709, 0.02500000037252903, 0.02500000037252903, 0.02500000037252903, 0.02500000037252903, 0.02500000037252903, 0.02500000037252903, 0.02500000037252903, 0.02500000037252903, 0.02500000037252903, 0.02500000037252903, 0.02500000037252903, 0.02500000037252903, 0.02500000037252903, 0.02500000037252903, 0.02500000037252903, 0.02500000037252903, 0.02500000037252903, 0.02500000037252903, 0.02500000037252903, 0.02500000037252903, 0.02500000037252903, 0.02500000037252903, 0.02500000037252903, 0.4313725531101227, 0.9710784256458282, 0.9749999940395355, 0.9710784256458282, 0.8470588326454163, 0.02500000037252903, 0.02500000037252903, 0.02500000037252903, 0.02500000037252903, 0.02500000037252903, 0.02500000037252903, 0.02500000037252903, 0.02500000037252903, 0.02500000037252903, 0.02500000037252903, 0.02500000037252903, 0.02500000037252903, 0.02500000037252903, 0.02500000037252903, 0.02500000037252903, 0.02500000037252903, 0.02500000037252903, 0.02500000037252903, 0.02500000037252903, 0.02500000037252903, 0.02500000037252903, 0.02500000037252903, 0.02500000037252903, 0.4274509847164154, 0.967156857252121, 0.9710784256458282, 0.967156857252121, 0.843137264251709, 0.02500000037252903, 0.02500000037252903, 0.02500000037252903, 0.02500000037252903, 0.02500000037252903, 0.02500000037252903, 0.02500000037252903, 0.02500000037252903, 0.02500000037252903, 0.02500000037252903, 0.02500000037252903, 0.02500000037252903, 0.02500000037252903, 0.02500000037252903, 0.02500000037252903, 0.02500000037252903, 0.02500000037252903, 0.02500000037252903, 0.02500000037252903, 0.02500000037252903, 0.02500000037252903, 0.02500000037252903, 0.02500000037252903, 0.05882352963089943, 0.7450980544090271, 0.9710784256458282, 0.967156857252121, 0.843137264251709, 0.02500000037252903, 0.02500000037252903, 0.02500000037252903, 0.02500000037252903, 0.02500000037252903, 0.02500000037252903, 0.02500000037252903, 0.02500000037252903, 0.02500000037252903, 0.02500000037252903, 0.02500000037252903, 0.02500000037252903, 0.02500000037252903, 0.02500000037252903, 0.02500000037252903, 0.02500000037252903, 0.02500000037252903, 0.02500000037252903, 0.02500000037252903, 0.02500000037252903, 0.02500000037252903, 0.02500000037252903, 0.02500000037252903, 0.02500000037252903, 0.40392157435417175, 0.686274528503418, 0.967156857252121, 0.843137264251709, 0.02500000037252903, 0.02500000037252903, 0.02500000037252903, 0.02500000037252903, 0.02500000037252903, 0.02500000037252903, 0.02500000037252903, 0.02500000037252903, 0.02500000037252903, 0.02500000037252903, 0.02500000037252903, 0.02500000037252903, 0.02500000037252903, 0.02500000037252903, 0.02500000037252903, 0.02500000037252903, 0.02500000037252903, 0.02500000037252903, 0.02500000037252903, 0.02500000037252903, 0.02500000037252903, 0.02500000037252903, 0.02500000037252903, 0.02500000037252903, 0.02500000037252903, 0.2862745299935341, 0.967156857252121, 0.33725491166114807, 0.02500000037252903, 0.02500000037252903, 0.02500000037252903, 0.02500000037252903, 0.02500000037252903, 0.02500000037252903, 0.02500000037252903, 0.02500000037252903, 0.02500000037252903, 0.02500000037252903, 0.02500000037252903, 0.02500000037252903, 0.02500000037252903, 0.02500000037252903, 0.02500000037252903, 0.02500000037252903, 0.02500000037252903, 0.02500000037252903, 0.02500000037252903, 0.02500000037252903, 0.02500000037252903, 0.02500000037252903, 0.02500000037252903, 0.02500000037252903, 0.02500000037252903, 0.02500000037252903, 0.02500000037252903, 0.02500000037252903, 0.02500000037252903, 0.02500000037252903, 0.02500000037252903, 0.02500000037252903, 0.02500000037252903, 0.02500000037252903, 0.02500000037252903, 0.02500000037252903, 0.02500000037252903, 0.02500000037252903, 0.02500000037252903, 0.02500000037252903, 0.02500000037252903, 0.02500000037252903, 0.02500000037252903, 0.02500000037252903, 0.02500000037252903, 0.02500000037252903, 0.02500000037252903, 0.02500000037252903, 0.02500000037252903, 0.02500000037252903, 0.02500000037252903, 0.02500000037252903, 0.02500000037252903, 0.02500000037252903, 0.02500000037252903, 0.02500000037252903, 0.02500000037252903, 0.02500000037252903, 0.02500000037252903, 0.02500000037252903, 0.02500000037252903, 0.02500000037252903, 0.02500000037252903, 0.02500000037252903, 0.02500000037252903, 0.02500000037252903, 0.02500000037252903, 0.02500000037252903, 0.02500000037252903, 0.02500000037252903, 0.02500000037252903, 0.02500000037252903, 0.02500000037252903, 0.02500000037252903, 0.02500000037252903, 0.02500000037252903, 0.02500000037252903, 0.02500000037252903, 0.02500000037252903, 0.02500000037252903, 0.02500000037252903, 0.02500000037252903, 0.02500000037252903, 0.02500000037252903, 0.02500000037252903, 0.02500000037252903, 0.02500000037252903, 0.02500000037252903, 0.02500000037252903, 0.02500000037252903, 0.02500000037252903, 0.02500000037252903, 0.02500000037252903, 0.02500000037252903, 0.02500000037252903, 0.02500000037252903, 0.02500000037252903, 0.02500000037252903, 0.02500000037252903, 0.02500000037252903, 0.02500000037252903, 0.02500000037252903, 0.02500000037252903, 0.02500000037252903, 0.02500000037252903, 0.02500000037252903, 0.02500000037252903, 0.02500000037252903, 0.02500000037252903, 0.02500000037252903, 0.02500000037252903, 0.02500000037252903, 0.02500000037252903, 0.02500000037252903, 0.02500000037252903, 0.02500000037252903, 0.02500000037252903, 0.02500000037252903], [0.0, 0.0, 0.0, 0.0, 0.0, 0.0, 0.0, 0.0, 0.0, 0.0, 0.0, 0.0, 0.0, 0.0, 0.0, 0.0, 0.0, 0.0, 0.0, 0.0, 0.0, 0.0, 0.0, 0.0, 0.0, 0.0, 0.0, 0.0, 0.0, 0.0, 0.0, 0.0, 0.0, 0.0, 0.0, 0.0, 0.0, 0.0, 0.0, 0.0, 0.0, 0.0, 0.0, 0.0, 0.0, 0.0, 0.0, 0.0, 0.0, 0.0, 0.0, 0.0, 0.0, 0.0, 0.0, 0.0, 0.0, 0.0, 0.0, 0.0, 0.0, 0.0, 0.0, 0.0, 0.0, 0.0, 0.0, 0.0, 0.0, 0.0, 0.0, 0.0, 0.0, 0.0, 0.0, 0.0, 0.0, 0.0, 0.0, 0.0, 0.0, 0.0, 0.0, 0.0, 0.0, 0.0, 0.0, 0.0, 0.0, 0.0, 0.0, 0.0, 0.0, 0.0, 0.0, 0.0, 0.0, 0.0, 0.0, 0.0, 0.0, 0.0, 0.0, 0.0, 0.0, 0.0, 0.0, 0.0, 0.0, 0.0, 0.0, 0.0, 0.0, 0.0, 0.0, 0.0, 0.0, 0.0, 0.0, 0.0, 0.0, 0.0, 0.0, 0.0, 0.0, 0.0, 0.0, 0.0, 0.0, 0.0, 0.0, 0.0, 0.0, 0.0, 0.0, 0.0, 0.0, 0.0, 0.0, 0.0, 0.0, 0.0, 0.0, 0.0, 0.0, 0.0, 0.0, 0.0, 0.0, 0.0, 0.0, 0.0, 0.0, 0.0, 0.0, 0.0, 0.0, 0.0, 0.0, 0.0, 0.0, 0.0, 0.0, 0.0, 0.0, 0.0, 0.0, 0.0, 0.0, 0.0, 0.0, 0.0, 0.0, 0.0, 0.0, 0.0, 0.0, 0.0, 0.0, 0.0, 0.0, 0.0, 0.0, 0.0, 0.0, 0.0, 0.0, 0.0, 0.0, 0.0, 0.0, 0.0, 0.0, 0.0, 0.0, 0.0, 0.0, 0.0, 0.0, 0.0, 0.0, 0.0, 0.0, 0.0, 0.0, 0.0, 0.0, 0.0, 0.0, 0.0, 0.0, 0.0, 0.0, 0.0, 0.0, 0.0, 0.0, 0.0, 0.0, 0.0, 0.0, 0.0, 0.0, 0.0, 0.0, 0.0, 0.0, 0.0, 0.0, 0.0, 0.0, 0.0, 0.0, 0.0, 0.0, 0.0, 0.0, 0.0, 0.0, 0.0, 0.0, 0.0, 0.0, 0.0, 0.0, 0.0, 0.0, 0.0, 0.0, 0.0, 0.0, 0.0, 0.0, 0.0, 0.0, 0.0, 0.0, 0.0, 0.0, 0.0, 0.0, 0.0, 0.0, 0.0, 0.0, 0.0, 0.0, 0.0, 0.0, 0.0, 0.0, 0.0, 0.0, 0.0, 0.0, 0.0, 0.0, 0.0, 0.0, 0.0, 0.0, 0.0, 0.0, 0.0, 0.0, 0.0, 0.0, 0.0, 0.0, 0.0, 0.0, 0.0, 0.0, 0.0, 0.0, 0.0, 0.0, 0.0, 0.0, 0.0, 0.0, 0.0, 0.0, 0.0, 0.0, 0.0, 0.0, 0.0, 0.0, 0.0, 0.0, 0.0, 0.0, 0.0, 0.0, 0.0, 0.0, 0.0, 0.0, 0.0, 0.0, 0.0, 0.0, 0.0, 0.0, 0.0, 0.0, 0.0, 0.0, 0.0, 0.0, 0.0, 0.0, 0.0, 0.0, 0.0, 0.0, 0.0, 0.0, 0.0, 0.0, 0.0, 0.0, 0.0, 0.0, 0.0, 0.0, 0.0, 0.5, 0.5, 0.5, 0.0, 0.0, 0.0, 0.0, 0.0, 0.0, 0.0, 0.0, 0.0, 0.0, 0.0, 0.0, 0.0, 0.0, 0.0, 0.0, 0.0, 0.0, 0.0, 0.0, 0.0, 0.0, 0.0, 0.0, 0.0, 0.5, 0.5, 0.5, 0.0, 0.0, 0.0, 0.0, 0.0, 0.0, 0.0, 0.0, 0.0, 0.0, 0.0, 0.0, 0.0, 0.0, 0.0, 0.0, 0.0, 0.0, 0.0, 0.0, 0.0, 0.0, 0.0, 0.0, 0.0, 0.5, 0.5, 0.5, 0.0, 0.0, 0.0, 0.0, 0.0, 0.0, 0.0, 0.0, 0.0, 0.0, 0.0, 0.0, 0.0, 0.0, 0.0, 0.0, 0.0, 0.0, 0.0, 0.0, 0.0, 0.0, 0.0, 0.0, 0.0, 0.5, 0.0, 0.0, 0.0, 0.0, 0.0, 0.0, 0.0, 0.0, 0.0, 0.0, 0.0, 0.0, 0.0, 0.0, 0.0, 0.0, 0.0, 0.0, 0.0, 0.0, 0.0, 0.0, 0.0, 0.0, 0.0, 0.0, 0.0, 0.0, 0.0, 0.0, 0.0, 0.0, 0.0, 0.0, 0.0, 0.0, 0.0, 0.0, 0.0, 0.0, 0.0, 0.0, 0.0, 0.0, 0.0, 0.0, 0.0, 0.0, 0.0, 0.0, 0.0, 0.0, 0.0, 0.0, 0.0, 0.0, 0.0, 0.0, 0.0, 0.0, 0.0, 0.0, 0.0, 0.0, 0.0, 0.0, 0.0, 0.0, 0.0, 0.0, 0.0, 0.0, 0.0, 0.0, 0.0, 0.0, 0.0, 0.0, 0.0, 0.0, 0.0, 0.0, 0.0, 0.0, 0.0, 0.0, 0.0, 0.0, 0.0, 0.0, 0.0, 0.0, 0.0, 0.0, 0.0, 0.0, 0.0, 0.0, 0.0, 0.0, 0.0, 0.0, 0.0, 0.0, 0.0, 0.0, 0.0, 0.0, 0.0, 0.0, 0.0, 0.0, 0.0, 0.0, 0.0, 0.0, 0.0, 0.0, 0.0, 0.0, 0.0, 0.0, 0.0, 0.0, 0.0, 0.0, 0.0, 0.0, 0.0, 0.0, 0.0, 0.0, 0.0, 0.0, 0.0, 0.0, 0.0, 0.0, 0.0, 0.0, 0.0, 0.0, 0.0, 0.0, 0.0, 0.0, 0.0, 0.0, 0.0, 0.0, 0.0, 0.0, 0.0, 0.0, 0.0, 0.0, 0.0, 0.0, 0.0, 0.0, 0.0, 0.0, 0.0, 0.0, 0.0, 0.0, 0.0, 0.0, 0.0, 0.0, 0.0, 0.0, 0.0, 0.0, 0.0, 0.0, 0.0, 0.0, 0.0, 0.0, 0.0, 0.0, 0.0, 0.0, 0.0, 0.0, 0.0, 0.0, 0.0, 0.0, 0.0, 0.0, 0.0, 0.0, 0.0, 0.0, 0.0, 0.0, 0.0, 0.0, 0.0, 0.0, 0.0, 0.0, 0.0, 0.0, 0.0, 0.0, 0.0, 0.0, 0.0, 0.0, 0.0, 0.0, 0.0, 0.0, 0.0, 0.0, 0.0, 0.0, 0.0, 0.0, 0.0, 0.0, 0.0, 0.0, 0.0, 0.0, 0.0, 0.0, 0.0, 0.0, 0.0, 0.0, 0.0, 0.0, 0.0, 0.0, 0.0, 0.0, 0.0, 0.0, 0.0, 0.0, 0.0, 0.0, 0.0, 0.0, 0.0, 0.0, 0.0, 0.0, 0.0, 0.0, 0.0, 0.0, 0.0, 0.0, 0.0, 0.0, 0.0, 0.0, 0.0, 0.0, 0.0, 0.0, 0.0, 0.0, 0.0, 0.0, 0.0, 0.0, 0.0, 0.0, 0.0, 0.0, 0.0, 0.0, 0.0, 0.0, 0.0, 0.0, 0.0, 0.0, 0.0, 0.0, 0.0, 0.0, 0.0, 0.0, 0.0, 0.0, 0.0, 0.0, 0.0, 0.0, 0.0, 0.0, 0.0, 0.0, 0.0, 0.0, 0.0, 0.0, 0.0, 0.0, 0.0, 0.0, 0.0, 0.0, 0.0, 0.0, 0.0, 0.0, 0.0, 0.0, 0.0, 0.0, 0.0, 0.0, 0.0, 0.0, 0.0, 0.0, 0.0, 0.0, 0.0, 0.0, 0.0, 0.0, 0.0, 0.0, 0.0, 0.0, 0.0, 0.0, 0.0, 0.0, 0.0, 0.0, 0.0, 0.0, 0.0, 0.0, 0.0, 0.0, 0.0, 0.0, 0.0, 0.0, 0.0])
1: 4.042477101195409
	time = 1.138207469
--- optimised α ---
	lbs = [-0.38257590887515697, -0.4166393218642398, -0.40810050716919477, -0.31493928013389705, -0.47304735201441966, -0.6898961833907796, -0.9035809497982985, -0.5547339191789403, -1.1418063536005902]
	ubs = [-0.08510998741435616, -0.05296237182527933, -0.11865478475187566, 0.003824570685581369, -0.09188822964021484, -0.2355617260069845, -0.1411282176146778, -0.20690846496263798, -0.3144534632996632]
saving results ...
running experiments ...
degrees = [2, 1, 1]
--- net: mnist-net_256x4.onnx ---
	prop: 0
	unfixed iputs: 1
1: 0.7735582562602529
2: 0.7735697453375222
3: 0.773557967383303
4: 0.7735575646113608
5: 0.7735571150319442
6: 0.7735566418450313
7: 0.7735561560837854
8: 0.7735556638605102
9: 0.7735551689026329
10: 0.7735546736370941
lbs = [-0.19186004959304373, -0.2936259685223458, -0.22796400148014564, -0.059741496929947784, 0.7573116099982765, -0.6178355283063408, -0.661344779022828, -0.9584664056603919, -1.1077536850781635]
ubs = [-0.18726855990621946, -0.28818447549366105, -0.22360396446281922, -0.05914754825164483, 0.7735546736370941, -0.6053510254951945, -0.6476980405296028, -0.9390557538091673, -1.0848729227589535]
	result: unknown
	time: 19.876142916
--- net: mnist-net_256x4.onnx ---
	prop: 1
	unfixed iputs: 1
1: 1.7670524056705572
2: 1.7672255138075121
3: 1.7670249186845646
4: 1.7669982207506223
5: 1.7669720043808306
6: 1.7669462506312967
7: 1.7669209440051383
8: 1.7668960726154952
9: 1.7668864581134673
10: 1.7668770710580473
lbs = [-0.8195452121259931, -0.521693080623219, -0.027965845076688645, -0.08736247175002657, 0.2754943188175004, -0.944705467216435, -0.251944318933473, 0.1870719671333296, 0.05015541068797506]
ubs = [-0.21475555395999774, -0.1624219439835055, -0.010672669367904059, -0.0043446807523585575, 0.8911601176788473, -0.26407220277012805, -0.09268191572276045, 0.6797791118066441, 0.19593784157255595]
	result: unknown
	time: 0.19287025
--- net: mnist-net_256x4.onnx ---
	prop: 2
	unfixed iputs: 1
1: 0.48746415007830907
2: 0.4874632587532498
3: 0.48737590889741866
4: 0.4872903060387042
5: 0.4872064152371641
6: 0.487124202251655
7: 0.4870436335258557
8: 0.4869646761745726
9: 0.4868872979703154
10: 0.48681146733014286
lbs = [-0.11080523728664267, -0.19756581676543658, -0.15099508590085534, -0.04925635987788587, 0.4754240073727501, -0.39744321532782556, -0.4204352044381169, -0.615804905829362, -0.7038333843241676]
ubs = [-0.10758629989181889, -0.19375097091181975, -0.14793841210756287, -0.04883996264265261, 0.48681146733014286, -0.3886907546460774, -0.41086793981389685, -0.6021967574148919, -0.6877924593793222]
	result: unknown
	time: 0.079235548
--- net: mnist-net_256x4.onnx ---
	prop: 3
	unfixed iputs: 1
1: 9.419926269420538
2: 9.419945210766995
3: 9.419840904365294
4: 9.419682077560497
5: 9.41949065768079
6: 9.419281516665649
7: 9.41906210642706
8: 9.418836738749327
9: 9.418608140293466
10: 9.418378141052166
lbs = [1.5699522009213334, 0.31871071785842786, 0.4748219655913057, 1.7526878426932129, 0.6026301478356717, 0.4095338371565442, 1.1414601723405753, 1.0530087814197213, 1.488671417958458]
ubs = [1.6775131114903967, 0.34287017804801356, 0.5103451468240946, 1.870505516537932, 0.6459790572491078, 0.43917270957262794, 1.2185115860179303, 1.125214026201776, 1.588266809110288]
	result: unknown
	time: 0.061890313
--- net: mnist-net_256x4.onnx ---
	prop: 4
	unfixed iputs: 1
1: Stopping criterion reached! y = 0.0 ≤ 0.0
lbs = [-0.7701775786216064, -0.7587970094307067, -1.2788824844587556, -0.35739320178930634, -0.7594258262878311, -0.5110873577727048, -1.0376020131229464, -0.8959893428725411, -0.29129410420695484]
ubs = [-0.7438603353845452, -0.7347523790885171, -1.2387133601761886, -0.3453871812596397, -0.7355681512186484, -0.49163613473468165, -1.002604895558203, -0.8663964454669004, -0.2810917373727357]
	result: unsat
	time: 0.012514338
--- net: mnist-net_256x4.onnx ---
	prop: 5
	unfixed iputs: 1
1: 0.44552321722311167
2: 0.44552321722311167
3: 0.4455232136581014
4: 0.4455232082358215
5: 0.44555803641772496
6: 0.44552319709662547
7: 0.4455231914989513
8: 0.4455231855204328
9: 0.44552317931134156
10: 0.4455231729649925
lbs = [-0.06492735649139582, -0.38269131406020807, -1.4415143208322527, -0.10490455726849136, 0.4442725058715376, -0.41671573544137247, -0.7022780187068018, -2.7039359854498985, -0.7928008788920652]
ubs = [-0.06462924771104629, -0.3816588939239349, -1.4374273630788323, -0.10467362000260362, 0.4455231729649925, -0.41556971271323295, -0.7002379949878644, -2.6962328709931085, -0.7904869893255969]
	result: unknown
	time: 0.094573654
--- net: mnist-net_256x4.onnx ---
	prop: 6
	unfixed iputs: 1
1: Stopping criterion reached! y = 0.0 ≤ 0.0
lbs = [-0.3477372305365233, -0.2880754035043146, -0.7261940291381687, -0.32625460503563625, -0.6192507334999647, -0.6131681449298803, -0.37636223419389003, -1.5065811741681183, -0.18929294741398495]
ubs = [-0.3366792228127555, -0.2803128732457902, -0.7060319937678429, -0.3175349791681467, -0.6016294335787022, -0.5959006123758452, -0.3652395897911079, -1.464787296481939, -0.1831625210068753]
	result: unsat
	time: 0.019077658
--- net: mnist-net_256x4.onnx ---
	prop: 7
	unfixed iputs: 1
1: Stopping criterion reached! y = 0.0 ≤ 0.0
lbs = [-0.5888325517906304, -0.4573201511274384, -1.1657824718462755, -0.5163666986652595, -1.0034440775053526, -0.9896483764848545, -0.6188668148083646, -2.417803938603903, -0.3229532921133229]
ubs = [-0.5748173035553803, -0.44748168915268166, -1.1402285079043217, -0.5053151852187003, -0.9811103173205539, -0.9677629915945103, -0.6047696441216099, -2.3648331336345367, -0.31518340715485077]
	result: unsat
	time: 0.013081872
--- net: mnist-net_256x4.onnx ---
	prop: 8
	unfixed iputs: 1
1: Stopping criterion reached! y = 0.0 ≤ 0.0
lbs = [-0.6339047950860294, -0.6350079820801015, -1.1069961428925932, -0.30776132117256516, -0.6564690354221336, -0.3112422500204155, -0.8034252986636077, -0.712522017306051, -0.25663306757147974]
ubs = [-0.562529067433912, -0.5702751257464915, -1.0211825590893988, -0.28302462500725595, -0.6050458638786199, -0.18715783695916852, -0.6716457618212468, -0.6115667135146247, -0.2395441143215838]
	result: unsat
	time: 0.019885516
--- net: mnist-net_256x4.onnx ---
	prop: 9
	unfixed iputs: 1
1: 1.097444543524158
2: 1.0974342007762148
3: 1.0961760258485909
4: 1.095001394816845
5: 1.0937490148730162
6: 1.0925460109814802
7: 1.0913942473240703
8: 1.0902220690429254
9: 1.0890792555439037
10: 1.0879810816700022
lbs = [-0.07934395770373284, -0.5778172824818871, -2.400642405137278, -0.451126367794823, -0.9608168666990536, 0.5533639227855717, -1.3226344867564743, 0.35973162945504494, -0.5720548002466337]
ubs = [-0.05991941442342787, -0.48781053629571247, -2.0150520285013513, -0.3820650770563433, -0.8047399909742329, 0.6620825545123961, -1.1093851684760019, 0.4258985271576062, -0.47662507754249694]
	result: unknown
	time: 0.120179071
--- net: mnist-net_256x4.onnx ---
	prop: 10
	unfixed iputs: 1
1: 0.5955147397683636
2: 0.5955147397683636
3: 0.5955147397683636
4: 0.5955147397683636
5: 0.5955147397683636
6: 0.5955147397683636
7: 0.5955147397683636
8: 0.5955147397683636
9: 0.5955147397683636
10: 0.5955147397683636
lbs = [-0.14153281217167646, -0.23398185947268788, -0.1801737126841995, -0.05323123594976139, 0.5896908655333823, -0.4809931133342927, -0.5117631192519884, -0.7457065933007235, -0.8569580531234272]
ubs = [-0.13988655509346287, -0.23203083768552626, -0.17861044187436967, -0.053018278438703985, 0.5955147397683636, -0.47651685344421707, -0.506870145212763, -0.7387469951784592, -0.8487542631789539]
	result: unknown
	time: 0.67796631
--- net: mnist-net_256x4.onnx ---
	prop: 11
	unfixed iputs: 1
1: 11.006404490677596
2: 11.006396439451397
3: 11.005607419283763
4: 11.004834179519479
5: 11.004076404550482
6: 11.003333785080864
7: 11.00260601800064
8: 11.001892806262019
9: 11.001193858758171
10: 11.000508890204399
lbs = [1.8522717067193537, 0.38212303767782335, 0.5680611071805275, 2.0619286930926366, 0.7164097971314668, 0.4873281935695706, 1.3437001581806212, 1.242528830246436, 1.7500835002938084]
ubs = [1.9579137171207142, 0.4058514900601669, 0.6029505503939538, 2.1776444848232805, 0.7589853565509035, 0.5164383047753891, 1.4193769649506454, 1.3134459243835372, 1.8479020971458096]
	result: unknown
	time: 0.053336554
--- net: mnist-net_256x4.onnx ---
	prop: 12
	unfixed iputs: 1
1: 3.0023765154766386
2: 3.0023782869396936
3: 3.002428009015187
4: 3.002419790472824
5: 3.0023781090702952
6: 3.0023765154766386
7: 3.0023765154766386
8: 3.0023765154766386
9: 3.0023765154766386
10: 3.002376515476638
lbs = [0.5852756444047292, 0.8793535808977314, -0.556849017508392, -0.6118297858486136, -0.6348178279151085, 1.2650093350251128, -1.188053379654355, -0.6340703996758437, -1.0012163054797178]
ubs = [0.6603773021083347, 0.9534338873074759, -0.5497839265499663, -0.594125385908635, -0.5897731464922127, 1.3885653260608277, -1.1087021582917518, -0.6194127660561333, -0.9310464797793342]
	result: unknown
	time: 0.063329668
--- net: mnist-net_256x4.onnx ---
	prop: 13
	unfixed iputs: 1
1: 0.8928874080275888
2: 0.8928881672150621
3: 0.8928574065547547
4: 0.8928280507982913
5: 0.892799124170958
6: 0.8927706632099043
7: 0.8927426847311112
8: 0.8927151959440278
9: 0.8926881987490939
10: 0.8926616918588977
lbs = [-0.05764982467141421, -0.4772940270626047, -1.9699991304918891, -0.3739958629976628, -0.7865037589784714, 0.5167838367857277, -1.08446883142709, 0.3374687406579871, -0.46547494044216076]
ubs = [-0.05338372268029918, -0.4575263571834395, -1.8853141085696912, -0.3588283244009059, -0.7522254822288819, 0.5406610916888774, -1.0376340962061772, 0.3520006001700202, -0.4445162530658426]
	result: unknown
	time: 0.051471145
--- net: mnist-net_256x4.onnx ---
	prop: 14
	unfixed iputs: 1
1: 0.4822861917847456
2: 0.4822861917847456
3: 0.4822861917847456
4: 0.4822861917847456
5: 0.4822861917847456
6: 0.4822861917847456
7: 0.4822861917847456
8: 0.4822861917847456
9: 0.4822861917847456
10: 0.4822861917847456
lbs = [-0.07369018295391042, -0.4130390229735744, -1.5616493316523494, -0.1116928953453815, 0.4804300867410354, -0.4504027616235951, -0.7622439606945054, -2.9303669383610798, -0.8608170329302484]
ubs = [-0.07324776209413347, -0.41150681649577336, -1.555583910295017, -0.11135016319368574, 0.4822861917847456, -0.4487019584466042, -0.7592163777878919, -2.9189348077242796, -0.8573830079068138]
	result: unknown
	time: 0.048619153
